[1_11]
timestamp = 1426156612
sid = 1
did = 11
watt_hour = 480696,459308,397446,463239,451493,408665,455048,425664,423300,398646,490335,424066,454940,375580,482258,549074,482667,420348,483892,446126,465241,348681,446517,493110

[1_12]
timestamp = 1426156674
sid = 1
did = 12
watt_hour = 299004,269184,270218,292313,297847,245139,350343,311398,340689,272859,413965,275037,346551,344008,327738,321170,374645,315208,306861,264048,242101,240930,348071,327572

[1_13]
timestamp = 1426156709
sid = 1
did = 13
watt_hour = 241334,248580,142357,207903,207479,179967,256183,234828,200068,202841,159133,187833,186872,219682,176517,217068,200224,208527,241813,202802,224846,212577,238554,183158

[2_15]
timestamp = 1426162202
sid = 2
did = 15
watt_hour = 3489553,3308658,3277851,3334486,3591360,3563630,3321061,3509009,3391291,3503589,3253781,3403577,3484390,3390439,3376135,3541207,3495597,3462859,3323178,3514966,3477318,3369299,3454958,3226850

[4_17]
timestamp = 1426162202
sid = 4
did = 17
watt_hour = 3543239,3355839,3363567,3198975,3344133,3460424,3468481,3265036,3265744,3367372,3193931,3678279,3336585,3533584,3437855,3336852,3708775,3462167,3536774,3352010,3306355,3348089,3459683,3281327

[3_16]
timestamp = 1426162202
sid = 3
did = 16
watt_hour = 3289784,3562255,3372820,3355591,3535526,3270361,3429257,3640894,3511241,3270157,3424957,3353212,3474489,3479322,3442915,3541794,3525310,3388708,3188547,3480038,3449543,3414368,3379773,3625550

[1_14]
timestamp = 1426183562
sid = 1
did = 14
watt_hour = 4342425,4003456,4047194,4152711,4256641,4274142,4118911,4058586,4020044,4095732,4191057,4263098,4051072,3976555,4195114,4108997,4119985,3998366,4284690,4275562,4022956,4180782,3871685,4085699

